3 0.06818181818181816 0.05539772727272727 0.1278409090909091 0.10511363636363638
3 0.20099431818181818 0.09446022727272727 0.16903409090909094 0.1377840909090909
3 0.34374999999999994 0.04190340909090909 0.1505681818181818 0.078125
3 0.4992897727272727 0.07528409090909091 0.15482954545454533 0.11647727272727273
3 0.6271306818181818 0.032670454545454544 0.14346590909090917 0.0625
3 0.9068892045454545 0.35369318181818177 0.14048295454545467 0.7073863636363635
3 0.7713068181818181 0.39204545454545453 0.13068181818181818 0.7698863636363635
3 0.6427556818181818 0.4609375 0.15482954545454553 0.7855113636363638
3 0.5227272727272726 0.5419034090909091 0.1732954545454545 0.7940340909090908
3 0.35085227272727276 0.15056818181818182 0.17329545454545456 0.14204545454545456
3 0.2073863636363636 0.23792613636363635 0.1647727272727272 0.14346590909090906
3 0.06818181818181816 0.18181818181818182 0.13068181818181818 0.1335227272727273
3 0.07173295454545454 0.3387784090909091 0.13494318181818185 0.15767045454545456
3 0.3728693181818182 0.6107954545454546 0.18323863636363638 0.7727272727272727
3 0.23011363636363635 0.6534090909090908 0.1903409090909091 0.6846590909090909
3 0.08593749999999999 0.7088068181818182 0.1633522727272727 0.5767045454545454
