3 0.35156249999999994 0.09446022727272728 0.7031249999999999 0.15482954545454547
3 0.3927556818181818 0.21946022727272727 0.7798295454545454 0.16051136363636365
3 0.46590909090909094 0.34588068181818177 0.8096590909090908 0.15767045454545447
3 0.5411931818181818 0.479403409090909 0.8238636363636362 0.16051136363636365
3 0.603622159090909 0.6220160253794679 0.7896306818181817 0.1446002325771177
3 0.6561789772727273 0.7667372980841473 0.6845170454545455 0.14142914162284015
3 0.6995738636363636 0.9169034090909091 0.5894886363636361 0.1605113636363635
3 0.03409090909090908 0.3735795454545454 0.06534090909090909 0.1335227272727272
3 0.07812499999999999 0.5056818181818182 0.13636363636363638 0.14772727272727276
3 0.15411931818181815 0.6512784090909091 0.14630681818181812 0.16335227272727268
3 0.2372159090909091 0.7904829545454546 0.16193181818181812 0.16619318181818193
3 0.3338068181818182 0.9268465909090908 0.15625000000000006 0.13210227272727268
3 0.17400568181818182 0.9296875 0.1491477272727273 0.12357954545454533
3 0.10014204545454544 0.7982954545454546 0.12926136363636362 0.14488636363636367
3 0.0440340909090909 0.6605113636363635 0.07954545454545454 0.15056818181818177
3 0.05415852864583331 0.9310369318181819 0.09127160274621213 0.13480113636363633
