6 0.07670454545454544 0.10440340909090909 0.1505681818181818 0.20028409090909094
6 0.234375 0.1015625 0.15909090909090914 0.20028409090909094
6 0.4417613636363636 0.09517045454545454 0.26988636363636354 0.17329545454545456
6 0.6534090909090908 0.10582386363636363 0.125 0.21164772727272727
6 0.8053977272727272 0.11292613636363638 0.1732954545454547 0.2059659090909091
6 0.7585227272727272 0.2869318181818182 0.23863636363636367 0.13068181818181818
6 0.7578124999999999 0.4296875 0.234375 0.11221590909090909
6 0.7585227272727272 0.6065340909090908 0.24431818181818166 0.19318181818181818
6 0.7705965909090908 0.7826704545454546 0.24857954545454533 0.16193181818181834
6 0.7640273876404494 0.9360085227272728 0.2553275025536261 0.12485795454545451
6 0.4730113636363636 0.3352272727272727 0.36363636363636354 0.2698863636363636
6 0.471590909090909 0.5937499999999999 0.3380681818181817 0.2755681818181818
6 0.4850852272727273 0.865056818181818 0.31676136363636354 0.2642045454545455
6 0.1740056818181818 0.8764204545454546 0.3196022727272727 0.23863636363636367
6 0.16264204545454547 0.6306818181818182 0.2911931818181818 0.25852272727272724
6 0.15482954545454544 0.3572443181818181 0.3039772727272727 0.29687499999999994
