6 0.11505681818181815 0.1974431818181818 0.18749999999999997 0.15625
6 0.109375 0.3494318181818181 0.21022727272727276 0.1306818181818181
6 0.0909090909090909 0.5546874999999999 0.16761363636363638 0.26278409090909083
6 0.11008522727272725 0.765625 0.20028409090909094 0.14772727272727276
6 0.10478465373070321 0.923934659090909 0.1982056710977701 0.14900568181818183
6 0.28480113636363635 0.24005681818181818 0.1434659090909091 0.24431818181818185
6 0.4275568181818182 0.2421875 0.13636363636363638 0.22301136363636365
6 0.5973011363636364 0.24644886363636365 0.19460227272727268 0.2201704545454545
6 0.7947443181818181 0.24573863636363635 0.16903409090909083 0.19602272727272724
6 0.9360085227272728 0.23310283466533474 0.12485795454545467 0.23325112387612396
6 0.3231534090909091 0.5241477272727273 0.2428977272727272 0.3352272727272727
6 0.5880681818181818 0.5241477272727273 0.28409090909090917 0.3352272727272727
6 0.8635653409090909 0.5057823426573428 0.2697443181818184 0.30986013986014
6 0.35225878217102524 0.8436789772727272 0.2869039279784143 0.3095170454545456
6 0.6292613636363635 0.8323863636363638 0.26136363636363635 0.2727272727272729
6 0.8451704545454544 0.8338068181818182 0.17045454545454553 0.30397727272727276
6 0.96796875 0.8327769886363641 0.06093750000000018 0.3019176136363645
