3 0.17613636363636362 0.5717329545454545 0.15909090909090906 0.6690340909090909
3 0.21946022727272727 0.20028409090909088 0.10653409090909093 0.09374999999999999
3 0.3125 0.5276988636363636 0.11647727272727267 0.6349431818181819
3 0.3217329545454546 0.16548295454545456 0.10369318181818184 0.10369318181818184
3 0.42187499999999994 0.10014204545454547 0.09943181818181812 0.08380681818181818
3 0.5156249999999999 0.17045454545454544 0.1107954545454545 0.08238636363636363
3 0.4041193181818182 0.4758522727272727 0.08948863636363638 0.6079545454545454
3 0.46875 0.5461647727272727 0.11363636363636367 0.6292613636363638
3 0.6115056818181818 0.5440340909090908 0.11221590909090917 0.6448863636363636
3 0.6377840909090908 0.09943181818181818 0.09943181818181818 0.0909090909090909
3 0.625 0.18181818181818182 0.10227272727272717 0.07386363636363638
3 0.7436079545454546 0.15625 0.12073863636363634 0.09375
3 0.8643465909090907 0.18181818181818182 0.12357954545454551 0.10227272727272729
3 0.8394886363636364 0.546875 0.10511363636363652 0.6136363636363638
3 0.7230113636363636 0.5149147727272728 0.09943181818181818 0.6264204545454546
