3 0.18252840909090906 0.13849431818181818 0.12073863636363634 0.11221590909090909
3 0.1505681818181818 0.2556818181818182 0.11647727272727267 0.10227272727272725
3 0.10582386363636363 0.3657670454545454 0.10085227272727276 0.0951704545454545
3 0.18252840909090906 0.3636363636363636 0.09232954545454547 0.1193181818181818
3 0.24786931818181818 0.2791193181818182 0.10085227272727276 0.12357954545454541
3 0.2911931818181818 0.1555397727272727 0.13352272727272735 0.11789772727272725
3 0.2634943181818182 0.3977272727272727 0.12073863636363642 0.09090909090909083
3 0.16974431818181815 0.4758522727272727 0.1036931818181818 0.09090909090909093
3 0.2755681818181818 0.5213068181818182 0.13352272727272735 0.10795454545454541
3 0.2045454545454545 0.5816761363636364 0.09659090909090905 0.09517045454545459
3 0.10582386363636363 0.5745738636363635 0.13210227272727276 0.11221590909090909
3 0.171875 0.6711647727272727 0.06534090909090909 0.10085227272727276
3 0.5170454545454545 0.6803977272727272 0.661931818181818 0.10227272727272725
3 0.19176136363636365 0.765625 0.08806818181818184 0.07954545454545468
3 0.5767045454545453 0.8053977272727274 0.6392045454545454 0.09375000000000018
