3 0.27201704545454547 0.2294034090909091 0.140625 0.2684659090909091
3 0.4147727272727273 0.22088068181818185 0.13920454545454547 0.28551136363636365
3 0.5639204545454545 0.2102272727272727 0.15625 0.28977272727272724
3 0.7286931818181818 0.20028409090909094 0.18465909090909083 0.29545454545454547
3 0.2620738636363636 0.4829545454545454 0.14914772727272727 0.2357954545454545
3 0.39275568181818177 0.4808238636363636 0.11221590909090913 0.2485795454545454
3 0.5085227272727272 0.48011363636363635 0.125 0.23863636363636354
3 0.640625 0.4772727272727273 0.13068181818181818 0.26704545454545453
3 0.7734375 0.4765625 0.14914772727272715 0.2798295454545454
3 0.08735795454545453 0.7464488636363636 0.1463068181818182 0.3224431818181819
3 0.16193181818181818 0.7421875 0.13352272727272727 0.31960227272727276
3 0.2279829545454545 0.7514204545454546 0.11789772727272725 0.33522727272727276
3 0.3032670454545454 0.7620738636363636 0.13494318181818174 0.3508522727272729
3 0.38423295454545453 0.7684659090909092 0.07812499999999996 0.3352272727272729
3 0.4573863636363636 0.7741477272727273 0.09090909090909083 0.3579545454545455
3 0.5397727272727272 0.7791193181818182 0.09375 0.35085227272727276
3 0.6278409090909091 0.7784090909090908 0.10227272727272735 0.35511363636363635
3 0.7151988636363636 0.7784090909090908 0.0951704545454545 0.35795454545454564
3 0.8188920454545454 0.7805397727272727 0.12357954545454533 0.37357954545454564
