3 0.2833806818181818 0.23153409090909094 0.16619318181818185 0.3039772727272727
3 0.42684659090909094 0.22301136363636365 0.12642045454545456 0.3011363636363636
3 0.5610795454545454 0.2102272727272727 0.15056818181818185 0.2869318181818182
3 0.7201704545454545 0.19886363636363635 0.18181818181818185 0.2926136363636364
3 0.2571022727272727 0.48011363636363635 0.125 0.24431818181818177
3 0.37499999999999994 0.4829545454545454 0.1193181818181818 0.24715909090909088
3 0.4978693181818181 0.48153409090909083 0.12357954545454551 0.2613636363636363
3 0.6221590909090908 0.48153409090909083 0.13352272727272735 0.2642045454545454
3 0.7627840909090908 0.4744318181818181 0.16477272727272735 0.2670454545454545
3 0.07812499999999999 0.7443181818181818 0.13920454545454547 0.32954545454545453
3 0.13139204545454541 0.7457386363636364 0.09232954545454541 0.3437500000000001
3 0.22585227272727268 0.7436079545454546 0.12215909090909088 0.35085227272727276
3 0.3096590909090909 0.7613636363636364 0.11647727272727267 0.3579545454545454
3 0.3835227272727273 0.765625 0.07102272727272721 0.3380681818181819
3 0.4538352272727272 0.7613636363636364 0.10937499999999996 0.37215909090909105
3 0.5312499999999999 0.765625 0.09090909090909083 0.36363636363636376
3 0.6285511363636362 0.7741477272727273 0.10369318181818184 0.34659090909090917
3 0.7173295454545454 0.7784090909090908 0.11363636363636367 0.3636363636363637
3 0.8174715909090908 0.7819602272727272 0.12073863636363634 0.35653409090909094
