3 0.8352272727272727 0.5113636363636364 0.12215909090909083 0.2698863636363636
3 0.6342329545454546 0.6605113636363635 0.19176136363636367 0.10795454545454541
3 0.39559659090909094 0.25852272727272724 0.12642045454545456 0.17897727272727273
3 0.393465909090909 0.35511363636363635 0.12499999999999996 0.0880681818181818
3 0.15482954545454541 0.49999999999999994 0.10795454545454541 0.13068181818181818
3 0.15482954545454544 0.6498579545454546 0.17329545454545456 0.08664772727272725
3 0.28267045454545453 0.6448863636363635 0.05965909090909092 0.20454545454545459
3 0.41619318181818177 0.8473011363636364 0.07670454545454547 0.20880681818181834
3 0.5838068181818181 0.8693181818181819 0.16477272727272718 0.14488636363636376
3 0.1796875 0.2919034090909091 0.07812499999999996 0.18323863636363635
