3 0.7281956214689265 0.17028601694915252 0.29307909604519783 0.18449858757062146
3 0.5710628531073446 0.2153072033898305 0.3283898305084747 0.17567090395480228
3 0.7701271186440679 0.3861228813559322 0.11387711864406791 0.2648305084745763
3 0.5856285310734463 0.377736581920904 0.26571327683615814 0.1544844632768362
3 0.40157132768361575 0.254149011299435 0.36723163841807915 0.13859463276836156
3 0.24090748587570623 0.3084392655367232 0.3742937853107345 0.1518361581920904
3 0.3446327683615819 0.5172139830508474 0.1385946327683615 0.25335451977401136
3 0.4333509887005649 0.512358757062147 0.12888418079096048 0.2595338983050848
3 0.5008827683615819 0.49293785310734467 0.12800141242937846 0.2295197740112995
3 0.7092161016949152 0.5366348870056498 0.2868997175141245 0.07503531073446333
3 0.7070091807909605 0.588718220338983 0.29837570621468945 0.06267655367231635
3 0.6646362994350282 0.6372704802259888 0.2824858757062148 0.07680084745762708
3 0.3349223163841808 0.6787605932203391 0.32221045197740117 0.09269067796610174
3 0.48411016949152547 0.7083333333333335 0.290430790960452 0.09357344632768366
3 0.6257944915254238 0.7387888418079096 0.28425141242937846 0.14036016949152544
3 0.2894597457627119 0.8054378531073447 0.32662429378531077 0.09887005649717509
