3 0.16366525423728817 0.2665077683615819 0.16331214689265539 0.2533545197740113
3 0.3856814971751412 0.22590042372881355 0.26483050847457623 0.10328389830508478
3 0.221045197740113 0.4280543785310735 0.17920197740112997 0.3098516949152543
3 0.25812146892655363 0.5979872881355933 0.11564265536723167 0.3495762711864407
3 0.3795021186440678 0.4130473163841808 0.14124293785310735 0.2639477401129943
3 0.310204802259887 0.756002824858757 0.14918785310734456 0.37605932203389814
3 0.5348693502824858 0.2929908192090395 0.05473163841807907 0.28513418079096053
3 0.589159604519774 0.2929908192090395 0.05031779661016955 0.28513418079096053
3 0.646098163841808 0.333156779661017 0.0653248587570622 0.28425141242937857
3 0.7401129943502825 0.3786193502824859 0.15978107344632778 0.27100988700564976
3 0.712305790960452 0.5154484463276836 0.11475988700564965 0.27983757062146897
3 0.8160310734463277 0.6972987288135594 0.11917372881355943 0.3257415254237288
3 0.6778778248587571 0.6580155367231639 0.1041666666666667 0.3125
3 0.5044138418079095 0.48764124293785316 0.2392302259887006 0.1253531073446327
3 0.512358757062147 0.5644420903954803 0.2727754237288136 0.09887005649717517
3 0.5136829096045198 0.6633121468926554 0.2471751412429379 0.09357344632768357
