1 0.1570444915254237 0.3790607344632768 0.08121468926553672 0.08827683615819218
1 0.265183615819209 0.7246645480225988 0.13682909604519775 0.1597810734463276
1 0.5560557909604519 0.6611052259887007 0.08827683615819214 0.10681497175141247
1 0.8438382768361582 0.4042196327683616 0.06709039548022613 0.09269067796610174
3 0.22899011299435026 0.3812676553672317 0.12800141242937854 0.41048728813559326
3 0.3402189265536723 0.4174611581920904 0.08562853107344628 0.40872175141242945
3 0.41437146892655363 0.36184675141242945 0.09798728813559326 0.4157838983050848
3 0.5 0.3989230225988701 0.08033192090395476 0.35222457627118653
3 0.666843220338983 0.4646892655367232 0.20568502824858756 0.39901129943502833
3 0.7895480225988701 0.3031426553672316 0.14036016949152552 0.3372175141242939
