3 0.0926024011299435 0.466896186440678 0.0926906779661017 0.39106638418079104
3 0.14645127118644072 0.5595868644067797 0.10504943502824862 0.37517655367231645
3 0.19809322033898308 0.4249646892655367 0.0882768361581921 0.39724576271186446
3 0.2687146892655367 0.5397245762711864 0.07944915254237284 0.4025423728813561
3 0.34463276836158196 0.477489406779661 0.07238700564971756 0.40342514124293793
3 0.4126059322033899 0.5829802259887006 0.08298022598870057 0.39194915254237295
3 0.48852401129943507 0.4514477401129943 0.10240112994350295 0.4643361581920904
3 0.5807733050847458 0.556938559322034 0.09975282485875692 0.48287429378531077
3 0.6615466101694915 0.39274364406779666 0.07944915254237284 0.4510946327683616
3 0.7630649717514124 0.5110346045197741 0.09710451977401124 0.458156779661017
3 0.8857697740112993 0.4465925141242938 0.10416666666666662 0.48287429378531077
