3 0.04910714285714284 0.5729166666666666 0.09226190476190475 0.6205357142857143
3 0.15848214285714285 0.27232142857142855 0.1324404761904762 0.08482142857142856
3 0.2819940476190476 0.24107142857142858 0.1324404761904762 0.0818452380952381
3 0.40327380952380953 0.21502976190476186 0.13095238095238093 0.08035714285714285
3 0.5200892857142857 0.18377976190476192 0.12946428571428578 0.07142857142857144
3 0.6354166666666666 0.15625 0.13988095238095238 0.07291666666666666
3 0.7574404761904762 0.1331845238095238 0.13690476190476178 0.07142857142857142
3 0.8660714285714285 0.09821428571428573 0.12797619047619052 0.08184523809523811
3 0.9575520833333334 0.06955605158730153 0.08177083333333322 0.0661954365079364
3 0.9047619047619047 0.43601190476190477 0.09523809523809526 0.5937499999999999
3 0.7886904761904762 0.4441964285714286 0.13392857142857126 0.550595238095238
3 0.65625 0.46726190476190477 0.12797619047619052 0.5729166666666666
3 0.5386904761904762 0.5029761904761906 0.13095238095238101 0.581845238095238
3 0.4270833333333333 0.5461309523809524 0.14285714285714288 0.5907738095238095
3 0.3013392857142857 0.5870535714285714 0.14136904761904764 0.6220238095238095
3 0.15997023809523808 0.6235119047619048 0.1443452380952381 0.6235119047619048
3 0.6882440476190477 0.8444940476190474 0.4895833333333333 0.2857142857142857
