3 0.08686440677966101 0.4730755649717514 0.08121468926553672 0.40342514124293793
3 0.13806497175141244 0.5587040960451978 0.09533898305084745 0.38753531073446335
3 0.19235522598870058 0.42275776836158196 0.08209745762711865 0.38047316384180796
3 0.2643008474576271 0.5414901129943502 0.0688559322033898 0.39901129943502833
3 0.3477224576271187 0.4721927966101695 0.06797316384180796 0.3822387005649718
3 0.40730932203389836 0.5816560734463277 0.06179378531073448 0.40165960451977406
3 0.48808262711864414 0.4607168079096045 0.12093926553672318 0.4722810734463277
3 0.5820974576271187 0.5617937853107344 0.08827683615819204 0.4713983050847459
3 0.65625 0.3945091807909605 0.09357344632768357 0.44756355932203395
3 0.7696857344632768 0.5052966101694916 0.09269067796610174 0.4608050847457628
3 0.880473163841808 0.4404131355932204 0.09887005649717527 0.4546257062146893
