3 0.10540254237288132 0.4037782485875706 0.18979519774011297 0.5667372881355933
3 0.31020480225988695 0.12967867231638416 0.21098163841807907 0.13329802259887005
3 0.5176553672316384 0.09260240112994349 0.20215395480225995 0.11740819209039549
3 0.7180437853107344 0.055526129943502804 0.20215395480225987 0.10151836158192092
3 0.8920065324858757 0.12557376698030906 0.2128619350282487 0.0986051610792622
3 0.6814088983050848 0.16322387005649716 0.22422316384180796 0.11211158192090397
3 0.4814618644067796 0.20030014124293782 0.212747175141243 0.12976694915254236
3 0.2563559322033898 0.4845515536723164 0.21451271186440676 0.602930790960452
3 0.44526836158192085 0.5648834745762711 0.24805790960451973 0.625882768361582
3 0.6500706214689265 0.41834392655367236 0.23569915254237284 0.42637711864406785
3 0.880473163841808 0.3896539548022599 0.2180437853107347 0.4307909604519775
3 0.7418785310734464 0.7842514124293786 0.4669844632768362 0.3848870056497174
