3 0.11246468926553668 0.3931850282485876 0.20038841807909602 0.5685028248587571
3 0.30446680790960445 0.12261652542372879 0.20127118644067796 0.14742231638418077
3 0.5189795197740112 0.0846574858757062 0.21009887005649724 0.13329802259887005
3 0.7100988700564973 0.05861581920903952 0.20568502824858764 0.10416666666666669
3 0.8911237641242938 0.336385914291735 0.21462747175141256 0.5149328455326225
3 0.8531073446327684 0.3896539548022599 0.2215748587570622 0.425494350282486
3 0.677436440677966 0.15748587570621467 0.1986228813559322 0.12005649717514125
3 0.4858757062146893 0.20118290960451973 0.2162782485875707 0.1103460451977401
3 0.24399717514124292 0.4783721751412429 0.1827330508474576 0.5764477401129944
3 0.4333509887005649 0.5640007062146893 0.2595338983050847 0.6205861581920904
3 0.6399187853107344 0.4161370056497175 0.2206920903954802 0.41666666666666674
3 0.7498234463276836 0.779396186440678 0.4563912429378532 0.4157838983050846
