4 0.1666974852071005 0.07701553254437866 0.2782914201183432 0.1275887573964497
4 0.15976331360946744 0.2785687869822485 0.28106508875739655 0.2514792899408284
4 0.16115014792899404 0.5249630177514792 0.28014053254437876 0.23206360946745558
4 0.23465236686390525 0.6285133136094675 0.1349852071005917 0.09707840236686388
4 0.10845044378698221 0.7209689349112426 0.18953402366863906 0.18583579881656817
4 0.17455621301775143 0.8314534023668639 0.2736686390532545 0.30140532544378695
4 0.46671597633136086 0.08210059171597629 0.29400887573964507 0.14515532544378698
4 0.45608357988165676 0.21985946745562127 0.30417899408284016 0.20802514792899407
4 0.4542344674556212 0.37056213017751477 0.3152736686390533 0.21172337278106507
4 0.4583949704142012 0.5268121301775148 0.30880177514792906 0.2653476331360946
4 0.48705621301775137 0.6090976331360947 0.3346893491124261 0.25610207100591714
4 0.5980029585798817 0.7292899408284024 0.20894970414201186 0.23021449704142016
4 0.4126294378698225 0.7732063609467456 0.15625 0.1368343195266272
4 0.3562315088757396 0.9243713017751478 0.3152736686390533 0.13590976331360932
4 0.879530325443787 0.135262573964497 0.2283653846153847 0.25887573964497046
4 0.7292899408284024 0.18380177514792895 0.28291420118343197 0.2394600591715976
4 0.7385355029585798 0.35068417159763315 0.2699704142011834 0.17936390532544386
4 0.7759800295857988 0.4440643491124259 0.30232988165680474 0.23113905325443787
4 0.804641272189349 0.5550110946745562 0.24685650887573962 0.253328402366864
4 0.8383875739644971 0.6886094674556213 0.2903106508875739 0.28014053254437865
4 0.8786057692307692 0.8425480769230769 0.23021449704142008 0.2866124260355029
4 0.6534763313609466 0.8887758875739646 0.25517751479289946 0.20894970414201186
