4 0.16022559171597625 0.0802514792899408 0.2930843195266271 0.12851331360946747
4 0.4634800295857988 0.0705436390532544 0.2930843195266272 0.12204142011834321
4 0.462555473372781 0.21801035502958577 0.32267011834319526 0.21357248520710057
4 0.45007396449704135 0.37102440828402367 0.31989644970414216 0.20894970414201186
4 0.7445451183431953 0.34606139053254437 0.2930843195266272 0.18860946745562135
4 0.7815273668639053 0.4417529585798816 0.3337647928994084 0.21727071005917165
4 0.44313979289940825 0.5203402366863905 0.2986316568047336 0.2653476331360947
4 0.47133875739644965 0.615569526627219 0.319896449704142 0.28383875739644965
4 0.8088017751479288 0.5554733727810651 0.26257396449704146 0.23946005917159763
4 0.8448594674556212 0.6904585798816568 0.28106508875739655 0.27274408284023677
4 0.882766272189349 0.8504068047337278 0.2218934911242604 0.28383875739644965
4 0.44036612426035493 0.789848372781065 0.20987426035502957 0.14607988165680466
4 0.36593934911242604 0.9183616863905325 0.3217455621301776 0.14792899408284016
4 0.6715051775147929 0.8850776627218935 0.25610207100591714 0.21634615384615394
4 0.8767566568047336 0.13572485207100587 0.21357248520710057 0.2505547337278106
4 0.16669748520710057 0.28365384615384615 0.2949334319526628 0.25425295857988167
4 0.15282914201183423 0.5087832840236687 0.28753698224852065 0.2514792899408284
4 0.11029955621301767 0.7098742603550297 0.18768491124260356 0.17104289940828404
4 0.17316937869822474 0.8286797337278107 0.26719674556213013 0.2958579881656806
4 0.23788831360946744 0.6252773668639053 0.13221153846153852 0.10724852071005914
4 0.7057137573964497 0.18426405325443784 0.30972633136094674 0.22928994082840237
