1 0.7519415680473372 0.08995931952662718 0.12296597633136096 0.14423076923076925
1 0.8356139053254439 0.2041420118343195 0.11094674556213012 0.11002218934911241
1 0.8933986686390534 0.269323224852071 0.07673816568047354 0.05732248520710059
1 0.7944711538461537 0.29105029585798814 0.06749260355029581 0.06749260355029585
1 0.8624260355029586 0.34097633136094674 0.04068047337278102 0.0342085798816568
1 0.708487426035503 0.21708579881656803 0.14330621301775145 0.11187130177514792
1 0.7112610946745561 0.3261834319526627 0.111871301775148 0.08598372781065088
1 0.8148113905325444 0.7593380177514792 0.07488905325443795 0.05732248520710064
1 0.8619637573964497 0.8887758875739646 0.08043639053254453 0.05547337278106515
1 0.7722818047337278 0.8374630177514792 0.09707840236686388 0.09153106508875748
1 0.6682692307692307 0.7759800295857988 0.13868343195266278 0.10724852071005914
1 0.7260539940828402 0.9345414201183431 0.11556952662721898 0.10077662721893486
3 0.4389792899408284 0.8638128698224853 0.48076923076923084 0.09245562130177519
3 0.6285133136094674 0.6853735207100592 0.3587278106508876 0.061020710059171535
3 0.5758136094674556 0.6141826923076923 0.46227810650887574 0.07951183431952664
3 0.48197115384615385 0.5078587278106509 0.6758505917159764 0.1109467455621302
3 0.5004622781065088 0.39922337278106507 0.6148298816568047 0.08598372781065092
3 0.4144785502958579 0.3095414201183432 0.45580621301775137 0.0785872781065089
3 0.35253328402366857 0.2346523668639053 0.5778476331360947 0.06934171597633132
