2 0.2110761834319526 0.16715976331360943 0.08043639053254444 0.14885355029585798
2 0.31878698224852065 0.17501849112426032 0.1312869822485208 0.12019230769230767
2 0.4995377218934911 0.2614644970414201 0.2283653846153847 0.26349852071005914
2 0.693694526627219 0.15236686390532542 0.12851331360946736 0.13036242603550294
2 0.7542529585798816 0.35299556213017746 0.223742603550296 0.24685650887573965
2 0.8203587278106508 0.6997041420118344 0.30787721893491116 0.5038831360946746
2 0.5947670118343196 0.6608727810650887 0.1359097633136095 0.18768491124260356
2 0.5919933431952663 0.49630177514792906 0.163646449704142 0.137758875739645
2 0.44036612426035504 0.6322115384615384 0.16549556213017758 0.2616494082840237
2 0.18842455621301768 0.3673261834319526 0.28846153846153844 0.30695266272189353
2 0.18934911242603542 0.6733542899408285 0.3457840236686391 0.38646449704142016
