5 0.07285502958579873 0.7052514792899408 0.10355029585798814 0.5778476331360948
5 0.16346153846153838 0.6516272189349113 0.11834319526627218 0.5778476331360948
5 0.26192677514792895 0.5873705621301776 0.10632396449704143 0.5787721893491126
5 0.35576923076923067 0.5374445266272189 0.10539940828402372 0.5843195266272189
5 0.45192307692307687 0.47596153846153844 0.12019230769230767 0.5926405325443787
5 0.5624075443786982 0.5679548816568047 0.11741863905325439 0.591715976331361
5 0.653014053254438 0.5101701183431951 0.12666420118343194 0.5926405325443787
5 0.7561020710059172 0.44545118343195267 0.1127958579881657 0.6000369822485208
5 0.8513313609467457 0.38859097633136097 0.11649408284023668 0.5954142011834319
5 0.9447623890532544 0.3365048413125338 0.10735022189349125 0.5855466648735883
