3 0.07701553254437861 0.4949149408284023 0.09892751479289937 0.4345414201183433
3 0.16299926035502948 0.5 0.10632396449704143 0.4262204142011835
3 0.2605399408284023 0.49999999999999994 0.09800295857988157 0.43176775147929
3 0.3599297337278106 0.5013868343195267 0.10817307692307701 0.4271449704142012
3 0.4593195266272189 0.4981508875739644 0.09430473372781077 0.44101331360946755
3 0.5577847633136094 0.4990754437869822 0.11002218934911259 0.43546597633136097
3 0.648853550295858 0.503235946745562 0.10355029585798814 0.43823964497041423
3 0.7385355029585798 0.503698224852071 0.10170118343195274 0.43916420118343197
3 0.8388498520710059 0.4958394970414201 0.08598372781065092 0.4123520710059172
3 0.9363905325443787 0.49630177514792895 0.10724852071005914 0.42252218934911245
