3 0.20028409090909094 0.3892045454545454 0.19034090909090914 0.2329545454545454
3 0.4225852272727273 0.16051136363636365 0.07528409090909088 0.09090909090909093
3 0.609375 0.10653409090909093 0.09374999999999983 0.08238636363636365
3 0.5049715909090908 0.17684659090909094 0.07528409090909101 0.08664772727272728
3 0.5809659090909091 0.19105113636363635 0.07670454545454533 0.07812499999999999
3 0.6512784090909091 0.171875 0.07528409090909101 0.08806818181818184
3 0.7308238636363636 0.18039772727272727 0.07244318181818184 0.08806818181818182
7 0.8018465909090908 0.30042613636363635 0.15198863636363635 0.15198863636363635
3 0.9048295454545454 0.3338068181818182 0.08806818181818166 0.09375
3 0.9594460227272728 0.3983664772727273 0.07798295454545467 0.07798295454545463
3 0.9339488636363635 0.5014204545454545 0.080965909090909 0.08806818181818184
3 0.875 0.40838068181818177 0.09659090909090917 0.09801136363636363
3 0.7997159090909091 0.401278409090909 0.07954545454545468 0.08380681818181812
3 0.7294034090909091 0.3323863636363636 0.09517045454545468 0.07954545454545454
3 0.6860795454545454 0.25852272727272724 0.08522727272727267 0.07386363636363634
3 0.6065340909090908 0.27059659090909094 0.07102272727272733 0.06676136363636363
3 0.5326704545454545 0.2677556818181818 0.09090909090909083 0.08380681818181818
3 0.4460227272727273 0.2571022727272727 0.09659090909090913 0.07670454545454541
3 0.3572443181818182 0.24857954545454541 0.08948863636363638 0.07954545454545454
7 0.4382102272727273 0.37571022727272724 0.16903409090909088 0.13494318181818174
3 0.3125 0.32457386363636365 0.07386363636363634 0.078125
3 0.34801136363636365 0.4126420454545454 0.08806818181818184 0.06960227272727267
3 0.3352272727272727 0.5007102272727272 0.08522727272727267 0.08948863636363642
3 0.40838068181818177 0.5475852272727272 0.07528409090909088 0.08948863636363634
3 0.5696022727272727 0.3480113636363636 0.08522727272727267 0.07386363636363638
3 0.6136363636363636 0.41903409090909083 0.09090909090909083 0.09374999999999996
3 0.5397727272727272 0.43181818181818177 0.10511363636363634 0.09374999999999996
3 0.6981534090909091 0.41619318181818177 0.09232954545454533 0.09374999999999996
3 0.6548295454545454 0.3352272727272727 0.0795454545454545 0.06818181818181816
3 0.8394886363636364 0.48934659090909083 0.0823863636363635 0.09232954545454551
3 0.7535511363636362 0.49218749999999994 0.10653409090909083 0.08380681818181818
7 0.6562499999999999 0.5639204545454545 0.09375 0.1761363636363636
3 0.5646306818181818 0.5298295454545453 0.08948863636363616 0.08238636363636359
3 0.45667613636363635 0.47372159090909083 0.05823863636363633 0.04403409090909083
3 0.7457386363636362 0.6015625 0.08806818181818184 0.10653409090909083
3 0.8267045454545454 0.5994318181818181 0.08806818181818184 0.11647727272727267
3 0.9240056818181817 0.5894886363636362 0.09232954545454551 0.09375
3 0.880681818181818 0.6789772727272727 0.1107954545454545 0.10511363636363634
3 0.5532670454545454 0.7521306818181818 0.0951704545454545 0.11221590909090917
3 0.6242897727272726 0.6931818181818181 0.08380681818181818 0.09375
3 0.5568181818181818 0.6392045454545454 0.09943181818181818 0.11079545454545459
3 0.4673295454545454 0.6292613636363635 0.09090909090909083 0.11647727272727276
3 0.7073863636363636 0.6946022727272727 0.09090909090909083 0.09375
3 0.6768465909090908 0.7933238636363635 0.12073863636363634 0.10653409090909093
3 0.8941761363636364 0.7997159090909091 0.09232954545454551 0.1079545454545456
7 0.7840909090909091 0.7990056818181819 0.125 0.24289772727272743
3 0.6875 0.9083806818181819 0.10227272727272717 0.109375
3 0.7840253496503495 0.9431107954545453 0.10214160839160834 0.11065340909090918
3 0.6122159090909091 0.8458806818181819 0.0625 0.06676136363636367
3 0.6129261363636364 0.9325284090909091 0.12357954545454533 0.109375
3 0.5319602272727272 0.8551136363636364 0.09801136363636367 0.096590909090909
3 0.5213068181818182 0.9630681818181817 0.10511363636363634 0.06818181818181816
3 0.3899147727272727 0.9339488636363638 0.06676136363636363 0.07244318181818184
3 0.4517045454545454 0.9588068181818182 0.051136363636363494 0.07102272727272733
3 0.33948863636363635 0.8401988636363635 0.09659090909090909 0.09517045454545459
7 0.453125 0.8018465909090908 0.10511363636363634 0.23153409090909102
7 0.3650568181818181 0.7038352272727272 0.13068181818181812 0.20028409090909094
3 0.3025568181818182 0.5859374999999999 0.10795454545454541 0.08948863636363634
3 0.21732954545454541 0.5944602272727272 0.07954545454545459 0.09801136363636359
3 0.1377840909090909 0.5788352272727272 0.09090909090909093 0.109375
3 0.06889204545454544 0.5127840909090908 0.10653409090909088 0.10511363636363634
7 0.0752840909090909 0.7563920454545454 0.11363636363636363 0.2343750000000002
3 0.18181818181818182 0.6924715909090908 0.09659090909090913 0.10653409090909093
3 0.16903409090909088 0.8075284090909091 0.10511363636363634 0.11505681818181826
3 0.26065340909090906 0.8004261363636364 0.07244318181818184 0.11221590909090909
3 0.16974431818181818 0.9204545454545454 0.09517045454545459 0.10795454545454551
3 0.26633522727272724 0.9154829545454546 0.09801136363636359 0.12357954545454533
