3 0.4005681818181819 0.03693181818181818 0.11647727272727271 0.0625
3 0.41619318181818177 0.1171875 0.1193181818181818 0.08380681818181818
3 0.5063920454545454 0.07457386363636363 0.08096590909090917 0.07244318181818181
3 0.5994318181818181 0.07102272727272728 0.1136363636363635 0.09375
3 0.8117897727272727 0.10582386363636363 0.16619318181818185 0.10369318181818182
3 0.6953125 0.12428977272727271 0.13494318181818185 0.10369318181818182
7 0.7990056818181817 0.2130681818181818 0.203125 0.12499999999999999
3 0.9487926136363637 0.21516085147247127 0.09928977272727285 0.09509443021766983
3 0.9218749999999999 0.3046875 0.13636363636363633 0.08664772727272729
3 0.9296874999999999 0.3884943181818181 0.13210227272727268 0.09232954545454541
3 0.9587357954545453 0.4735227272727273 0.07940340909090918 0.06352272727272741
3 0.7606534090909091 0.4360795454545454 0.09232954545454533 0.06818181818181816
3 0.8678977272727272 0.46448863636363635 0.127840909090909 0.09374999999999992
3 0.849431818181818 0.3835227272727273 0.07670454545454551 0.05965909090909088
3 0.7890624999999999 0.3188920454545454 0.12073863636363634 0.08380681818181822
3 0.6903409090909091 0.2911931818181818 0.10227272727272735 0.09090909090909093
3 0.7045454545454545 0.3728693181818182 0.12215909090909083 0.07528409090909088
3 0.6384943181818181 0.440340909090909 0.13778409090909083 0.0795454545454545
3 0.6342329545454545 0.5255681818181818 0.11221590909090917 0.08806818181818184
7 0.8082386363636364 0.5561079545454545 0.22727272727272718 0.12357954545454541
3 0.8622159090909091 0.6576704545454546 0.13068181818181818 0.08806818181818175
3 0.943181818181818 0.5951704545454545 0.07102272727272717 0.048295454545454586
3 0.9204545454545454 0.7329545454545454 0.14204545454545467 0.08522727272727276
3 0.9281960227272728 0.8236140020252025 0.14048295454545467 0.0904098222322233
3 0.8053977272727272 0.8302556818181819 0.11363636363636367 0.0781250000000001
7 0.7634943181818181 0.9261363636363638 0.23437499999999983 0.11931818181818184
3 0.6875 0.7237215909090908 0.1136363636363635 0.08664772727272725
3 0.5802556818181818 0.6967329545454546 0.0951704545454545 0.08664772727272725
3 0.4992897727272727 0.6633522727272727 0.12357954545454533 0.08522727272727276
3 0.4147727272727272 0.6626420454545454 0.09374999999999996 0.08096590909090909
3 0.5305397727272727 0.5205965909090908 0.08664772727272735 0.08380681818181818
3 0.5340909090909091 0.4353693181818182 0.0795454545454545 0.08096590909090905
3 0.42400568181818177 0.3125 0.0724431818181818 0.07102272727272729
3 0.33948863636363635 0.26704545454545453 0.08238636363636359 0.07954545454545454
7 0.3053977272727273 0.1924715909090909 0.11363636363636359 0.1349431818181818
3 0.1853693181818182 0.27485795454545453 0.08948863636363638 0.07528409090909093
3 0.2443181818181818 0.5539772727272727 0.1107954545454545 0.08806818181818184
7 0.3806818181818181 0.5561079545454545 0.1193181818181818 0.1605113636363636
3 0.37997159090909083 0.796875 0.25426136363636365 0.19886363636363644
