5 0.09303977272727273 0.45312499999999994 0.09801136363636363 0.2556818181818181
5 0.16690340909090906 0.4616477272727273 0.08380681818181812 0.26704545454545453
5 0.2336647727272727 0.4680397727272727 0.08664772727272735 0.26562499999999994
5 0.3018465909090909 0.4758522727272727 0.09801136363636367 0.2613636363636363
5 0.38423295454545453 0.4907670454545454 0.08664772727272729 0.2627840909090909
5 0.44886363636363635 0.5149147727272727 0.08238636363636367 0.27982954545454536
5 0.5220170454545454 0.5213068181818182 0.08380681818181818 0.2784090909090909
5 0.5909090909090908 0.5312499999999999 0.08806818181818166 0.28124999999999994
5 0.6690340909090908 0.5326704545454545 0.07102272727272733 0.2755681818181817
5 0.7428977272727272 0.5404829545454545 0.08238636363636367 0.28551136363636354
5 0.12926136363636362 0.7002840909090908 0.09659090909090905 0.2670454545454546
5 0.19105113636363635 0.7123579545454546 0.09232954545454541 0.2684659090909091
5 0.2713068181818182 0.7350852272727273 0.07386363636363642 0.2769886363636365
5 0.32386363636363635 0.7421875 0.09943181818181826 0.2656250000000001
5 0.39843749999999994 0.7592329545454546 0.0724431818181818 0.2798295454545454
5 0.463778409090909 0.7606534090909091 0.08948863636363634 0.296875
5 0.5362215909090908 0.7755681818181818 0.10369318181818166 0.2755681818181818
5 0.6100852272727273 0.7933238636363636 0.07244318181818184 0.2798295454545455
5 0.6825284090909091 0.8018465909090908 0.06392045454545468 0.27698863636363635
5 0.7443181818181817 0.8082386363636364 0.10227272727272735 0.2812500000000001
