5 0.5539772727272727 0.2528409090909091 0.255681818181818 0.08522727272727271
5 0.5383522727272727 0.32954545454545453 0.28124999999999994 0.07954545454545454
5 0.5376420454545453 0.40340909090909083 0.3110795454545453 0.07670454545454541
5 0.5262784090909091 0.47869318181818177 0.31960227272727265 0.07670454545454551
5 0.5355113636363635 0.5525568181818181 0.31534090909090895 0.0795454545454545
5 0.5191761363636362 0.6271306818181817 0.3338068181818181 0.08096590909090909
5 0.5113636363636362 0.6875 0.3323863636363635 0.07102272727272733
5 0.47301136363636354 0.765625 0.27272727272727265 0.0625
5 0.4588068181818182 0.8338068181818182 0.2613636363636364 0.07102272727272743
5 0.4680397727272727 0.8991477272727274 0.2911931818181817 0.0795454545454545
5 0.8295454545454544 0.25142045454545453 0.2357954545454545 0.08522727272727271
5 0.8089488636363638 0.3245738636363636 0.3025568181818182 0.06676136363636363
5 0.8032670454545454 0.3977272727272727 0.25994318181818166 0.06534090909090899
5 0.7904829545454546 0.46235795454545453 0.24573863636363635 0.05823863636363633
5 0.7933238636363636 0.5255681818181818 0.24005681818181818 0.07386363636363634
5 0.7762784090909091 0.5973011363636364 0.22585227272727268 0.06676136363636358
5 0.7691761363636362 0.6669034090909091 0.21164772727272718 0.07244318181818184
5 0.7571022727272727 0.7294034090909091 0.22727272727272735 0.05823863636363633
5 0.7457386363636362 0.7933238636363636 0.21022727272727285 0.06960227272727285
5 0.7308238636363636 0.8707386363636364 0.25142045454545453 0.07102272727272733
