3 0.07244318181818181 0.4474431818181819 0.07670454545454547 0.8551136363636364
3 0.171875 0.4460227272727273 0.07954545454545459 0.8494318181818182
3 0.27414772727272724 0.4438920454545454 0.07954545454545459 0.8451704545454546
3 0.36434659090909094 0.4417613636363637 0.10369318181818188 0.84375
3 0.45667613636363635 0.4467329545454546 0.112215909090909 0.8451704545454546
3 0.5546874999999999 0.4446022727272727 0.11221590909090917 0.84375
3 0.6413352272727272 0.44460227272727276 0.12357954545454533 0.8380681818181819
3 0.734375 0.44744318181818177 0.13352272727272715 0.8380681818181819
3 0.8245738636363635 0.44460227272727276 0.13210227272727268 0.8465909090909092
3 0.9169034090909091 0.4517045454545455 0.15198863636363635 0.8352272727272727
3 0.07315340909090909 0.9254261363636364 0.10653409090909093 0.11789772727272735
3 0.1647727272727273 0.9225852272727274 0.09375000000000006 0.11505681818181818
3 0.25852272727272724 0.9211647727272727 0.10511363636363642 0.11789772727272735
3 0.3572443181818181 0.9240056818181819 0.08380681818181818 0.09801136363636367
3 0.4481534090909091 0.9247159090909091 0.10369318181818188 0.09943181818181818
3 0.5404829545454545 0.9247159090909091 0.08664772727272735 0.09943181818181818
3 0.6292613636363635 0.9254261363636364 0.096590909090909 0.10653409090909101
3 0.7215909090909091 0.9261363636363638 0.08522727272727267 0.09943181818181818
3 0.8110795454545454 0.9240056818181819 0.08806818181818184 0.109375
3 0.9140625 0.9303977272727274 0.1264204545454545 0.1136363636363635
