3 0.1651785714285714 0.36532738095238093 0.2857142857142857 0.1934523809523809
3 0.23288690476190477 0.5081845238095237 0.2723214285714286 0.1636904761904762
3 0.290922619047619 0.6398809523809523 0.2574404761904762 0.12351190476190475
3 0.33184523809523814 0.7507440476190474 0.24404761904761907 0.09523809523809518
3 0.3950892857142857 0.3043154761904762 0.24851190476190477 0.18452380952380953
3 0.42782738095238093 0.43303571428571425 0.24255952380952372 0.1354166666666666
3 0.462797619047619 0.5424107142857143 0.2261904761904761 0.12202380952380949
3 0.49479166666666663 0.6339285714285714 0.2187500000000001 0.10565476190476186
3 0.5208333333333333 0.7239583333333333 0.2053571428571428 0.09226190476190484
3 0.5989583333333334 0.1599702380952381 0.28720238095238104 0.09523809523809526
3 0.6242559523809524 0.2671130952380953 0.3020833333333334 0.11011904761904759
3 0.6510416666666666 0.3296130952380953 0.2872023809523809 0.10416666666666666
3 0.6569940476190477 0.41741071428571425 0.3258928571428573 0.11607142857142848
3 0.671875 0.4866071428571428 0.257440476190476 0.08779761904761899
3 0.6830357142857143 0.5453869047619048 0.261904761904762 0.08928571428571433
3 0.6927083333333335 0.6049107142857143 0.24553571428571433 0.09523809523809526
3 0.7127976190476191 0.6473214285714285 0.23809523809523805 0.05803571428571433
