3 0.49999999999999994 0.06770833333333333 0.431547619047619 0.10119047619047619
3 0.5010102370689655 0.1656115301724138 0.43170797413793105 0.09563577586206895
3 0.5030307112068967 0.2629310344827586 0.42362607758620696 0.10843211206896552
3 0.4993265086206897 0.3609240301724138 0.42295258620689663 0.09967672413793101
3 0.5013469827586208 0.4585802801724139 0.4202586206896552 0.09024784482758622
3 0.49393857758620696 0.554889547413793 0.4337284482758621 0.0969827586206896
3 0.5047144396551725 0.6535560344827587 0.41487068965517243 0.09092133620689663
3 0.49629579741379315 0.7488550646551725 0.4263200431034484 0.09563577586206895
3 0.49494881465517243 0.8401131465517242 0.43036099137931044 0.08149245689655178
3 0.49898976293103453 0.9340651939655173 0.43036099137931044 0.09967672413793097
