3 0.23288690476190477 0.21949404761904764 0.4241071428571429 0.41666666666666663
3 0.5133928571428571 0.41741071428571425 0.19642857142857137 0.6636904761904762
3 0.7105654761904762 0.4858630952380952 0.18898809523809518 0.6607142857142856
3 0.9017857142857143 0.5468749999999999 0.1875 0.6369047619047619
3 0.31547619047619047 0.5944940476190477 0.21726190476190477 0.431547619047619
3 0.14285714285714288 0.6302083333333333 0.20238095238095244 0.41666666666666674
3 0.15848214285714282 0.9032738095238095 0.2038690476190476 0.09672619047619052
3 0.33110119047619047 0.8556547619047618 0.22172619047619044 0.10863095238095238
3 0.5089285714285714 0.7998511904761905 0.2023809523809523 0.11011904761904763
3 0.6941964285714286 0.8608630952380953 0.19196428571428578 0.11309523809523814
3 0.5171130952380952 0.9055059523809524 0.20386904761904764 0.09523809523809526
3 0.35639880952380953 0.953125 0.19196428571428578 0.08928571428571441
