3 0.622263418079096 0.23384533898305082 0.4343220338983052 0.1385946327683616
3 0.5794491525423728 0.3349223163841808 0.424611581920904 0.13771186440677977
3 0.6275600282485876 0.43467514124293793 0.43255649717514144 0.12888418079096048
3 0.5984286723163841 0.510593220338983 0.38312146892655374 0.1041666666666667
3 0.533986581920904 0.668167372881356 0.4201977401129944 0.21804378531073443
3 0.70215395480226 0.7833686440677966 0.3239759887005651 0.14477401129943496
1 0.2775423728813559 0.26253531073446323 0.17920197740112992 0.1659604519774011
1 0.611670197740113 0.1583686440677966 0.10946327683615822 0.07415254237288137
1 0.3424258474576271 0.5542902542372882 0.11299435028248582 0.07680084745762716
1 0.6050494350282486 0.8398658192090395 0.08562853107344637 0.05649717514124291
