3 0.05208333333333331 0.5773809523809524 0.10119047619047619 0.6235119047619048
3 0.16592261904761904 0.2693452380952381 0.1324404761904762 0.06398809523809526
3 0.2782738095238095 0.234375 0.12797619047619052 0.07142857142857144
3 0.4107142857142858 0.21354166666666666 0.13095238095238093 0.08035714285714286
3 0.5193452380952381 0.1793154761904762 0.13988095238095247 0.08035714285714286
3 0.6316964285714286 0.15625 0.11755952380952372 0.07589285714285715
3 0.7514880952380953 0.13020833333333334 0.10416666666666652 0.06845238095238096
3 0.8668154761904762 0.10193452380952382 0.13244047619047628 0.08630952380952382
3 0.9530877976190477 0.06654620181405894 0.09069940476190474 0.06910430839002264
3 0.15625 0.6190476190476191 0.1339285714285714 0.6175595238095237
3 0.29985119047619047 0.5922619047619048 0.1324404761904762 0.6264880952380953
3 0.41741071428571425 0.550595238095238 0.11160714285714289 0.5997023809523808
3 0.5416666666666666 0.5022321428571428 0.12500000000000008 0.5714285714285714
3 0.6651785714285715 0.48139880952380953 0.12797619047619052 0.5922619047619048
3 0.7849702380952381 0.44866071428571425 0.13541666666666688 0.5744047619047619
3 0.8965773809523809 0.431547619047619 0.1056547619047617 0.5967261904761905
3 0.6867559523809524 0.8452380952380951 0.45982142857142877 0.28124999999999994
