3 0.09895833333333336 0.40401785714285715 0.18005952380952384 0.550595238095238
3 0.25669642857142855 0.47991071428571425 0.1949404761904762 0.5952380952380952
3 0.43377976190476186 0.5587797619047619 0.2157738095238095 0.6071428571428571
3 0.7566592261904762 0.7719207090229384 0.48355654761904765 0.4024723704268294
3 0.6480654761904763 0.41741071428571425 0.22767857142857154 0.4136904761904761
3 0.8616071428571429 0.3995535714285714 0.23511904761904773 0.4285714285714286
3 0.6889880952380953 0.16294642857142858 0.16666666666666663 0.11011904761904762
3 0.48065476190476186 0.203125 0.2261904761904761 0.10714285714285715
3 0.33035714285714285 0.12946428571428573 0.21130952380952384 0.11160714285714286
3 0.519345238095238 0.09375 0.1845238095238095 0.11755952380952382
3 0.7142857142857144 0.061755952380952384 0.22023809523809534 0.10416666666666669
3 0.8757440476190477 0.13095238095238096 0.20684523809523825 0.10863095238095238
