3 0.6011904761904762 0.10788690476190477 0.5773809523809522 0.19047619047619047
3 0.521577380952381 0.27380952380952384 0.5937500000000001 0.2038690476190476
3 0.43526785714285715 0.4427083333333333 0.5967261904761904 0.21428571428571425
3 0.2313988095238095 0.7418154761904762 0.3973214285714286 0.44642857142857145
3 0.5684523809523808 0.6569940476190476 0.4255952380952381 0.19940476190476186
3 0.5915178571428571 0.8608630952380953 0.4389880952380953 0.21130952380952392
3 0.8690476190476191 0.3132440476190476 0.11904761904761899 0.20833333333333331
3 0.7953869047619048 0.4769345238095237 0.13541666666666652 0.20833333333333331
3 0.9069940476190477 0.5208333333333333 0.1086309523809522 0.1979166666666667
3 0.8392857142857143 0.6688988095238095 0.11904761904761907 0.1845238095238096
3 0.9449404761904762 0.7113095238095237 0.09226190476190475 0.18898809523809526
3 0.8876488095238095 0.8690476190476191 0.14136904761904745 0.1979166666666667
