3 0.10788690476190477 0.4546130952380953 0.2068452380952381 0.6309523809523809
3 0.3005952380952381 0.140625 0.2053571428571429 0.11607142857142856
3 0.47916666666666663 0.09821428571428571 0.19345238095238085 0.11160714285714286
3 0.6383928571428572 0.050595238095238096 0.19940476190476186 0.09970238095238095
3 0.8422619047619047 0.09970238095238096 0.22023809523809518 0.09970238095238095
3 0.6703869047619047 0.14955357142857145 0.2157738095238095 0.10119047619047622
3 0.484375 0.1986607142857143 0.21279761904761918 0.09523809523809526
3 0.2901785714285714 0.5186011904761905 0.19940476190476197 0.6339285714285714
3 0.6778273809523809 0.41666666666666663 0.23065476190476206 0.47172619047619047
3 0.8653273809523809 0.36979166666666663 0.20386904761904773 0.4375
3 0.4866071428571429 0.5811011904761906 0.19345238095238093 0.6755952380952381
3 0.7760416666666666 0.7708333333333334 0.43601190476190466 0.4241071428571429
