3 0.5053879310344828 0.06829202586206895 0.43507543103448276 0.09361530172413794
3 0.49393857758620696 0.16493803879310345 0.4242995689655173 0.10102370689655174
3 0.49629579741379315 0.2592268318965517 0.42766702586206906 0.09024784482758626
3 0.4962957974137931 0.3508216594827587 0.4344019396551724 0.10775862068965521
3 0.5013469827586208 0.4474676724137931 0.42699353448275873 0.09630926724137928
3 0.5 0.5484913793103449 0.42025862068965525 0.0936153017241379
3 0.49393857758620696 0.6461476293103449 0.42295258620689663 0.10035021551724146
3 0.49966325431034486 0.7411099137931035 0.43844288793103464 0.0895743534482758
3 0.49663254310344823 0.835735452586207 0.4242995689655172 0.10775862068965517
3 0.49797952586206906 0.9354121767241379 0.41487068965517254 0.09698275862068968
