3 0.5909251412429379 0.10760946327683614 0.5623234463276837 0.2145127118644068
3 0.5066207627118645 0.2682733050847458 0.6267655367231639 0.21804378531073448
3 0.42717161016949146 0.443944209039548 0.635593220338983 0.24276129943502833
3 0.5516419491525424 0.6677259887005651 0.45197740112994356 0.19597457627118642
3 0.588718220338983 0.868997175141243 0.459039548022599 0.21362994350282483
3 0.2126588983050847 0.7356991525423728 0.41313559322033894 0.4766949152542373
3 0.8570798022598871 0.3084392655367232 0.1394774011299437 0.21009887005649724
3 0.7970515536723165 0.4814618644067797 0.11829096045197761 0.1995056497175142
3 0.9073975988700564 0.5167725988700566 0.11829096045197734 0.21892655367231637
3 0.835893361581921 0.6783192090395481 0.1430084745762714 0.20656779661016947
3 0.880914548022599 0.8809145480225988 0.1306497175141244 0.21274717514124283
3 0.945414018361582 0.7104064863541096 0.10604696327683616 0.20012088231273886
