3 0.11025776836158188 0.399805790960452 0.20656779661016947 0.5534957627118645
3 0.29563912429378525 0.1305614406779661 0.21539548022598867 0.12093926553672314
3 0.5141242937853108 0.09171963276836156 0.21098163841807915 0.11740819209039549
3 0.7087747175141242 0.06479519774011297 0.19244350282485875 0.11652542372881357
3 0.8849443855932203 0.3377209270477539 0.22698622881355945 0.5281960913836435
3 0.8548728813559322 0.3896539548022599 0.2304025423728814 0.4343220338983052
3 0.678760593220339 0.1627824858757062 0.20656779661016947 0.12358757062146893
3 0.47175141242937846 0.20162429378531074 0.21451271186440676 0.10769774011299434
3 0.26915607344632764 0.4898481638418079 0.20833333333333331 0.5852754237288136
3 0.432909604519774 0.5512005649717514 0.21451271186440676 0.603813559322034
3 0.644774011299435 0.4130473163841808 0.2039194915254237 0.39283192090395486
3 0.7405543785310734 0.7771892655367232 0.46963276836158196 0.3884180790960451
