3 0.13387573964497032 0.44036612426035493 0.07766272189349116 0.46412721893491127
3 0.313701923076923 0.6248150887573964 0.06934171597633139 0.3393121301775149
3 0.3946005917159762 0.5873705621301775 0.06286982248520712 0.4548816568047338
3 0.4949149408284023 0.48474482248520706 0.11556952662721881 0.6749260355029586
3 0.6021634615384616 0.5064718934911242 0.07488905325443795 0.6037352071005918
3 0.69323224852071 0.4246486686390532 0.0702662721893491 0.43639053254437865
3 0.7634985207100592 0.33912721893491127 0.07211538461538468 0.5593565088757396
1 0.9146634615384616 0.7524038461538463 0.15809911242603542 0.14330621301775157
1 0.7759800295857988 0.715883875739645 0.10447485207100585 0.12943786982248523
1 0.6876849112426036 0.7126479289940829 0.07396449704142008 0.08598372781065083
1 0.7131102071005917 0.7963202662721893 0.061945266272189416 0.04992603550295858
1 0.8088017751479288 0.8342270710059172 0.11464497041420128 0.10539940828402372
1 0.6650332840236686 0.8568786982248521 0.05269970414201186 0.04900147928994088
1 0.734375 0.9021819526627219 0.06749260355029581 0.06934171597633139
1 0.22540680473372776 0.6585613905325444 0.09985207100591716 0.10724852071005914
1 0.23835059171597625 0.8203587278106508 0.07396449704142016 0.06286982248520712
1 0.16808431952662717 0.7621116863905325 0.09245562130177509 0.10170118343195256
1 0.06499630177514786 0.7223557692307692 0.10817307692307693 0.10170118343195265
1 0.12000739644970407 0.8568786982248522 0.08690828402366871 0.060096153846153834
