5 0.05852440828402359 0.6608727810650887 0.10817307692307693 0.5833949704142011
5 0.15282914201183428 0.6035502958579881 0.12111686390532546 0.5741494082840237
5 0.24944526627218933 0.552237426035503 0.10909763313609472 0.599112426035503
5 0.3419008875739644 0.4875184911242603 0.11834319526627227 0.5954142011834319
5 0.4329696745562129 0.42788461538461536 0.10632396449704143 0.5796967455621302
5 0.5522374260355029 0.5166420118343195 0.11926775147928997 0.5926405325443787
5 0.6497781065088758 0.4639423076923077 0.12019230769230767 0.5723002958579881
5 0.7357618343195266 0.4043084319526627 0.12204142011834325 0.5972633136094675
5 0.8397744082840236 0.34097633136094674 0.12296597633136096 0.5926405325443787
5 0.9364413831360946 0.28780561365027546 0.12399223372781076 0.5695091562946337
