3 0.49630177514792895 0.062222633136094635 0.4271449704142013 0.09245562130177515
3 0.5004622781065089 0.16438609467455617 0.41882396449704146 0.1137204142011834
3 0.5004622781065088 0.26423816568047337 0.42067307692307704 0.0804363905325444
3 0.5041605029585797 0.3594674556213018 0.428069526627219 0.09338017751479288
3 0.5004622781065089 0.4588572485207101 0.43916420118343197 0.08136094674556214
3 0.5023113905325443 0.5499260355029586 0.41882396449704146 0.09338017751479298
3 0.5106323964497042 0.6493158284023668 0.44471153846153855 0.09245562130177509
3 0.49999999999999994 0.7463942307692308 0.4345414201183433 0.0887573964497042
3 0.507396449704142 0.8374630177514792 0.4308431952662723 0.08413461538461534
3 0.5087832840236687 0.93176775147929 0.42252218934911245 0.09707840236686388
